﻿Date;Category;Asset Name;ISIN;Number of Shares;Asset Currency;Currency Rate;Asset Price in CHF;Cash Flow;Balance
2021-05-25;Dividend;CSIF (CH) Equity Emerging Markets Blue DB;CH0017844686;;CHF;1.000000;;6.027682;78.376592
2021-04-07;Flat-rate administrative fee;;;;CHF;1.000000;;-4.910200;72.348910
2021-04-01;Buy;CSIF (CH) Equity Emerging Markets Blue DB;CH0017844686;0.022000;CHF;1.000000;2348.730000;-51.672060;77.259110
2021-04-01;Sell;CSIF (CH) III Equity World ex CH Small Cap Blue - Pension Fund DB;CH0214967314;-0.002000;CHF;1.000000;2076.540000;4.153080;128.931170
2021-04-01;Sell;CSIF (CH) III Equity World ex CH Blue - Pension Fund ZB;CH0130458182;-0.066000;CHF;1.000000;2079.760000;137.264160;124.778090
2021-04-01;Sell;CSIF (CH) Equity Switzerland Large Cap Blue ZB;CH0033782431;-0.002000;CHF;1.000000;1494.870000;2.989740;-12.486070
2021-03-01;Buy;CSIF (CH) III Equity World ex CH Blue - Pension Fund ZB;CH0130458182;2.503000;CHF;1.000000;1956.760000;-4897.770280;-15.475810
2021-03-01;Buy;CSIF (CH) III Equity World ex CH Small Cap Blue - Pension Fund DB;CH0214967314;0.354000;CHF;1.000000;1977.440000;-700.013760;4882.294470
2021-03-01;Buy;CSIF (CH) Equity Emerging Markets Blue DB;CH0017844686;0.443000;CHF;1.000000;2319.340000;-1027.467620;5582.308230
2021-03-01;Buy;CSIF (CH) Equity Switzerland Small & Mid Cap ZB;CH0110869143;0.055000;CHF;1.000000;2463.260000;-135.479300;6609.775850
2021-03-01;Buy;CSIF (CH) Equity Switzerland Large Cap Blue ZB;CH0033782431;0.097000;CHF;1.000000;1420.050000;-137.744850;6745.255150
2021-02-15;Deposit;;;;CHF;1.000000;;6883.000000;6883.000000
